1.600998043346344275e+03 1.719768669073371029e+03
1.603786373799185867e+03 1.717035348599461713e+03
1.599892105471790501e+03 1.621959676890565561e+03
1.498767127219600752e+03 1.719391955698329866e+03
1.497842469835617067e+03 1.714702302781174694e+03
1.500153374437256389e+03 1.615114540865314666e+03
1.504954149890631243e+03 1.621098182236667753e+03
1.603893227233949574e+03 1.620113149387896101e+03
1.604340139819081287e+03 1.621575129714167360e+03
1.600219154096814691e+03 1.618627969700831272e+03
1.598071974388405806e+03 1.493711749192008028e+03
1.600702851834068724e+03 1.499957914561886582e+03
1.597486782900855587e+03 1.601425154713021584e+03
1.495379535985215171e+03 1.599184805660927168e+03
1.503811841349915767e+03 1.602235078360743046e+03
1.504224449375813947e+03 1.590721110498359621e+03
1.499908166897151432e+03 1.497798302591643505e+03
1.498155166981330922e+03 1.498262089402239098e+03
1.503198558217493655e+03 1.503029344629005664e+03
1.601731332575543320e+03 1.503015240538766420e+03
1.598340673138049169e+03 1.505109053008752426e+03
1.602049019469242012e+03 1.597429179184401164e+03
1.596945129398268818e+03 1.602986263365361538e+03
1.723342133908216510e+03 1.724031902320850122e+03
1.719503624458143349e+03 1.724660084112627374e+03
1.716417512386962699e+03 1.727913260172673063e+03
1.724934144091321969e+03 1.720204417334981827e+03
1.718019940354932942e+03 1.618332014060497386e+03
1.620793305191863965e+03 1.615884336794544424e+03
1.615304447573450261e+03 1.619740495272641510e+03
1.718295083437193625e+03 1.623209897791260801e+03
1.720779890114186628e+03 1.501807086374602704e+03
1.716141371007830003e+03 1.498492987468920774e+03
1.719561178899488368e+03 1.603368402910397663e+03
1.620854224962383114e+03 1.598521214081116796e+03
1.618982663765108327e+03 1.606641275622562489e+03
1.625615560857746686e+03 1.600011784199578187e+03
1.615740431424648705e+03 1.592402948203404549e+03
1.497366840622565860e+03 1.211442948129899264e+02
1.503803655694555346e+03 1.211999015580261272e+02
1.620104638742983525e+03 1.233342812236792412e+02
1.616476198299170846e+03 1.218463534594680766e+02
1.620326674027525769e+03 1.192190853689025403e+02
1.720871789402397781e+03 2.166655657667487276e+02
1.721698528698321070e+03 1.719384433437969165e+03
1.717422252039548766e+03 1.717670454521512056e+03
2.172084622272093952e+02 1.715008997977381114e+03
2.191612484606962994e+02 1.230100553224922209e+02
2.215770407030722708e+02 1.211419209983080236e+02
2.202821912134676268e+02 2.207639166354480267e+02
1.200614263396908967e+02 2.198006744524912222e+02
1.180006976676048538e+02 2.202615519743469008e+02
1.228693184659707924e+02 2.200693076398828794e+02
1.205112712837089646e+02 2.201974807771175904e+02
1.195650782553090608e+02 1.212624085337496069e+02
1.617673776416725559e+03 1.616681981496204116e+03
1.621428579480996405e+03 1.622139303142848576e+03
1.615161382408175996e+03 1.622729407221697329e+03
1.616990641269806019e+03 1.618690517991456545e+03
1.620896590202744392e+03 1.179081374992603344e+02
1.171062766815064435e+02 1.219417520371572010e+02
2.235840178795220083e+02 2.200934064790613149e+02
2.228989510069572475e+02 1.209762000713830474e+02
2.190979224791262823e+02 1.197469955958354717e+02
9.803053667045696784e+01 2.250670880488258376e+02
9.873621196891147633e+01 2.187167533491633549e+02
2.494774699406393292e+00 1.719460306110669990e+03
9.617170571766430953e+01 1.622960013578788676e+03
4.021436791446030279e-01 1.502349750564882243e+03
4.141757902977388106e+00 1.500096453992014403e+03
1.500737370763707077e+03 1.502352685639854144e+03
1.502409343920023275e+03 1.498231511677003482e+03
1.498055222779584483e+03 1.505078065925339388e+03
1.497528356354520611e+03 1.503135979998105313e+03
1.500764556186622940e+03 1.599096961616872250e+03
1.596628247875755278e+03 1.498269767291522840e+03
1.600662355671926434e+03 1.598436462662072245e+03
1.602577563585431562e+03 1.501369706266689946e+03
1.594718317489381434e+03 1.605755208118257087e+03
1.597606346804835994e+03 1.593099534660244899e+03
1.598274802998556879e+03 1.603164321302939697e+03
1.599925978599471591e+03 1.603050182974410063e+03
1.723469097816031535e+03 1.616978412749686640e+03
1.720660185950685900e+03 1.720945852891635468e+03
1.717736345949191673e+03 1.617558923471972321e+03
1.721988257999963480e+03 1.616060916167248251e+03
1.720760433675000513e+03 1.619896243587807248e+03
1.619705460611120770e+03 1.716311008105467636e+03
1.623333192352759170e+03 2.195570641402595129e+02
1.614242574404124753e+03 2.241750137994213787e+02
1.205432668470163122e+02 2.194721228407577769e+02
1.174203400483394120e+02 1.209102073438376266e+02
1.202594591600098255e+02 1.204169146748532455e+02
1.237132889226901966e+02 1.178440012538253967e+02
2.189035636887661838e+02 -1.430350587127446005e+00
9.856128087190599274e+01 4.714626211345197548e-01
1.028548479643176847e+02 1.216016770066706698e+02
9.906358990474784321e+01 1.201506968754579674e+02
9.756232894654297638e+01 1.714520900830591017e+03
1.021075647223891139e+02 1.625751824594201480e+03
1.012271519237489628e+02 1.619996781494850211e+03
-1.738297906468262211e+00 1.616051903307383554e+03
1.934485465220789902e-01 1.619459054059619803e+03
-3.508667715510133123e-01 1.716959309696608898e+03
1.204014209402572533e+02 1.721395345325885501e+03
1.218390907054260168e+02 1.719068398160197148e+03
1.076944839758611661e+00 1.724801753340911773e+03
1.219809433824749050e+02 1.714211538659726557e+03
2.186615662153236030e+02 1.719409445563468807e+03
2.166343199960786876e+02 2.191099946212588634e+02
2.176311540782981808e+02 2.201155984790665912e+02
2.210623689590676690e+02 1.176363040182002067e+02
2.220765216564261095e+02 2.209154632287237519e+02
2.234343155453496479e+02 2.199479587470725619e+02
2.202725629172148842e+02 2.199172130669729768e+02
2.196864087648130237e+02 2.218218980179412938e+02
2.214292669206828350e+02 2.203172388882961172e+02
2.195392631540847788e+02 2.172075774080285555e+02
1.003165339851733648e+02 9.874193879068010915e+01
6.084766572972026832e-01 9.811339431562120694e+01
1.180187394140862409e+02 9.827459639818853532e+01
1.182685324596138940e+02 -2.080947519970723913e+00
1.210885583041462468e+02 9.685694830678818334e+01
1.197195780281598587e+02 1.034171189380283664e+02
1.172480844026886615e+02 1.007918464927985269e+02
1.187181038904570158e+02 9.036002508791536325e-01
1.205537394849275614e+02 1.215666483419957586e+02
1.200490537639644799e+02 1.211062842773538506e+02
9.672049127607239427e+01 1.209481553450191456e+02
1.021751130695757155e+02 1.198850695662216026e+02
1.001822638726637251e+02 1.203794604725051300e+02
-2.920713461953274859e+00 1.176617233504433528e+02
-2.437060162441615940e+00 1.621816508058630461e+03
1.503325617084763508e+03 1.208266944608324849e+02
1.602558179367524190e+03 1.208188948487628807e+02
1.597916700993572022e+03 1.173878154299129193e+02
1.604355148935712350e+03 1.190609958359769678e+02
1.600911452097264828e+03 1.213646261196961689e+02
1.500071300748543763e+03 1.178496289738553742e+02
1.499261808685373808e+03 1.221754361736709029e+02
1.498548357589056877e+03 2.196098892362580273e+02
1.598630984674921820e+03 2.184470496500069885e+02
1.600688544191140863e+03 2.194598277148776617e+02
1.602136657801468800e+03 2.168852879321885894e+02
1.594884342821947484e+03 1.724219179465166690e+03
1.604455699982002443e+03 1.723918790958662157e+03
1.599953612261767148e+03 1.722327122622131810e+03
1.599641245597882971e+03 1.717871256192304600e+03
1.497907623818430920e+03 1.717964863757123339e+03
1.500137053018671622e+03 1.723208840012898690e+03
1.603803294102038763e+03 1.617046732684216749e+03
1.600306357632107165e+03 1.624595707596594139e+03
1.498601259227719993e+03 1.620120177535548692e+03
1.499324338691185631e+03 1.621747853850151614e+03
1.495936839333747912e+03 1.623604404350891400e+03
1.503335640417393734e+03 1.622408341844348342e+03
1.500192000355451455e+03 1.197697521157870710e+02
1.497467874991638610e+03 1.502145322303400462e+03
1.496514825829086249e+03 1.500690119212292529e+03
1.504726486714713246e+03 1.596544496495053409e+03
1.595761495812075282e+03 1.600084970783290146e+03
1.596834447304489004e+03 1.497028574616638480e+03
1.601351875755857236e+03 1.507648969038282530e+03
1.722035390891329371e+03 1.499182260059781584e+03
2.196259392843406317e+02 1.499054010457953837e+03
2.197478342855956157e+02 1.598668394307620019e+03
2.172286218767444552e+02 1.498758353836733704e+03
2.188340930345720494e+02 1.494298701246253131e+03
1.716305001397916158e+03 1.497293774646187103e+03
2.201806022189541636e+02 1.500878567574327917e+03
2.167310456490736215e+02 1.499086039960246580e+03
2.204714338085196346e+02 1.502919548741399240e+03
1.361934035465180548e+00 1.500920335700787746e+03
1.220076474370392816e+02 1.494085683476075474e+03
1.197020987081454138e+02 1.599793086207974284e+03
1.174005034454386731e+02 1.602808832499413711e+03
1.719937600224664948e+03 1.498372990307201007e+03
1.608019094172977020e+03 1.611968635888197014e+03
1.603964946092744185e+03 1.623956380142833723e+03
1.604274439730176027e+03 1.622976406866674097e+03
1.598371784946770276e+03 1.717451133755968158e+03
1.600732303461173615e+03 1.716519299725551264e+03
1.607461864021362317e+03 1.715583038094892345e+03
1.600637577407912204e+03 1.719238578856499316e+03
1.505336125345329492e+03 1.618033436621197097e+03
1.498901004661410298e+03 1.725604389322719271e+03
-9.731962122485120492e-01 1.714546486360015479e+03
2.643809791635457707e+00 1.721269798354181376e+03
8.444345774681527583e-01 1.719630481214406018e+03
-6.003461026475077622e-01 1.721422986549352800e+03
1.013493603236607328e+02 1.619024908712039178e+03
1.194007872510738792e+02 1.615612826727075117e+03
1.219083095365651133e+02 1.615655048838443918e+03
-1.015387055351286483e+00 1.623288376397772254e+03
-1.116998891898124846e+00 1.503394235616735841e+03
1.098041580880686041e+00 1.498830459519926990e+03
-1.955307211431831504e+00 1.496630396652889431e+03
2.002895295922112684e+00 1.495626168418566067e+03
-1.967159665083759279e+00 1.503900790050532805e+03
2.403586160866153953e+00 1.501146955042719810e+03
2.435748657294760644e+00 1.622751519554805554e+03
2.192479926828593939e+00 1.624215769173799572e+03
-2.169712057335150934e+00 1.616343188968987079e+03
1.002545028626657286e+00 1.623743158346173686e+03
1.206498611404522450e+02 1.620233383881888358e+03
2.186162968631992385e+02 1.621882563677548887e+03
2.176946820660383537e+02 1.618278819341267763e+03
2.239463082738454318e+02 1.621549355887465936e+03
1.717116399336594441e+03 1.621283495567128739e+03
1.619660397393357016e+03 1.621207406699723606e+03
1.718426102958985666e+03 1.622636205110385390e+03
1.725652462686992067e+03 1.211805565657664943e+02
1.720017988038903241e+03 1.192746632772933566e+02
1.720845783311942796e+03 1.184606970592268738e+02
1.723663297514356600e+03 2.206509857660932425e+02
1.722559310977121640e+03 2.207542674088987269e+02
1.624458584976235898e+03 2.180922142428193524e+02
1.720226182316704580e+03 1.190071082769686655e+02
1.502011479197242807e+03 1.722889736641501258e+03
1.505393166271626797e+03 1.719908342680693977e+03
1.600771326416653210e+03 1.621145780441464922e+03
1.604671706530075198e+03 1.614044714171052874e+03
1.599134951461849369e+03 1.498746160227605060e+03
1.720725123877898341e+03 1.600266755768908979e+03
1.718419966469690053e+03 1.603284031876229847e+03
1.719105676487645269e+03 1.606908725527734987e+03
1.718763229611247652e+03 1.506612925227721462e+03
1.724432968887134166e+03 1.496211041940430505e+03
1.719766095463541433e+03 1.496182935358645864e+03
1.722397856486046749e+03 1.505277196998038107e+03
1.601745683952482977e+03 1.499668672474091181e+03
1.602031829432522500e+03 1.493680320922653436e+03
1.601827682495720865e+03 1.500158380806819650e+03
1.601607690345015726e+03 1.601925751587125433e+03
1.604558061970627250e+03 1.593633979136528751e+03
1.597910251347197118e+03 1.599548955097197904e+03
1.602309072447495510e+03 1.604553405382870096e+03
1.599193109659050378e+03 1.501662081380483187e+03
1.614174949214605704e+03 -4.550372393113630842e-01
1.623156567539410617e+03 6.531226394338089936e-01
1.620845399336481023e+03 -4.812382434671684250e-01
1.616926588165005114e+03 -4.650362798975076206e-01
1.625405425489447680e+03 -7.317784254975917557e-01
1.618366090335690160e+03 -3.182113825691657016e-02
1.722129785258435504e+03 -8.856803516266902321e-01
1.722147649582758049e+03 -2.778658020187699584e+00
1.717698329080365511e+03 1.499122880122122751e+03
1.719457552807967431e+03 1.501081662531381880e+03
1.617049029537593469e+03 1.497214246552289524e+03
1.626747915861842330e+03 1.501519399840777396e+03
1.618339747374429635e+03 1.723515852069211178e+03
1.723658113636236294e+03 1.724904797281907349e+03
1.718859828039313470e+03 1.717919701548336889e+03
1.725972873532990661e+03 1.720716415333417672e+03
1.720134699683894269e+03 1.718510815262241067e+03
1.725534478927066402e+03 1.724699521234518215e+03
1.720288300691535596e+03 1.719802215367746612e+03
1.723458330570425005e+03 1.619683259634206024e+03
1.617779023214586914e+03 1.620121208450184213e+03
1.619026728097443993e+03 1.617736300183640196e+03
1.621641693634765033e+03 1.722757553993026249e+03
1.618703628618703760e+03 1.720120791029351039e+03
1.621253092811818760e+03 1.600359033111374401e+03
1.618625658022222751e+03 1.502410351888340074e+03
1.619254985760687532e+03 1.597438518930837972e+03
1.175345785352835435e+02 1.603406368327943710e+03
1.202180343892267302e+02 1.600751314632320828e+03
2.177140727492836447e+02 1.594760082241842838e+03
2.188229109658822154e+02 1.002334262716688897e+02
2.209648853611901131e+02 4.112002502414048521e+00
2.180821504597522562e+02 -3.390957990077660966e+00
1.719056061993746198e+03 2.703235881341788271e+00
1.243781170922613768e+02 1.003901745854993948e+02
1.187111761251647408e+02 2.179315006853305761e+02
1.216234552036365244e+02 2.192701860178736410e+02
1.186266577921812626e+02 1.181573126667504141e+02
2.192639023588646978e+02 1.181255963642258706e+02
2.205012172997017501e+02 1.621619151820730167e+03
2.204838026700508919e+02 1.501992459617591066e+03
2.178445288995907276e+02 1.496540370580617264e+03
2.171990193965195317e+02 1.500342217096367676e+03
2.219664985196204157e+02 1.500440561595679355e+03
2.215480092140267914e+02 1.141956764018461801e+00
2.218232814353430058e+02 2.701534108306146154e-01
2.191055982472659593e+02 1.664130769174148039e-01
2.177076801969394637e+02 -3.448929068654602026e-01
2.181358724490821714e+02 -1.705444151996579727e+00
2.193257085861802693e+02 4.017145694067560946e+00
2.210316220376556657e+02 -8.269663119258696682e-03
2.220189950371161558e+02 -9.411558753893717322e-01
2.179035882768907300e+02 1.205060777118812876e+00
2.186670200344789521e+02 3.854605360669188796e-01
2.184470949751264754e+02 -6.182563916296399675e-01
2.224374406626175471e+02 -8.074869008846502494e-01
1.185047678405854299e+02 9.712092502533661786e+01
1.207105896992132443e+02 -2.825472556362728760e+00
2.192518763448398431e+02 1.604150589031238951e+03
2.163334623984003429e+02 1.595725452542078983e+03
9.873942516402730973e+01 1.595490384220196574e+03
1.014305292532434208e+02 1.601557121363678561e+03
1.000018265660335288e+02 1.506350989400461685e+03
9.859163742991746915e+01 1.504850114789529016e+03
9.882346795401367956e+01 1.605636510329316479e+03
1.600471197194395245e+03 1.596114071024213445e+03
1.593586430272152029e+03 1.604456835922886512e+03
1.601731065210398128e+03 1.601190091981437035e+03
1.600061810537044494e+03 1.603837824145153945e+03
1.718459851505778033e+03 1.602883448730757209e+03
1.715906548105119555e+03 1.501606031529508527e+03
1.725047661946887729e+03 1.500929520459972309e+03
1.723437294101683619e+03 1.493883785542642045e+03
2.183002573847113013e+02 1.602362846379706752e+03
2.195216517283561757e+02 1.599591827949200933e+03
2.195324874328292708e+02 1.497601540661154331e+03
2.180179977989945144e+02 1.501693181529266212e+03
1.203723733714447377e+02 1.497952637722265536e+03
2.183689075622925770e+02 1.498943749517734886e+03
2.222195724064114870e+02 1.496462947419889133e+03
1.205579717250352587e+02 1.599069355289560917e+03
2.207930154648654479e+02 1.604332890429218878e+03
1.218011334542575526e+02 1.600006314045791214e+03
1.207777692816772799e+02 1.593134978966868175e+03
1.195058986467683155e+02 1.599965449192601909e+03
1.211370274804993130e+02 1.599899668923219224e+03
1.183658407311395706e+02 1.601626664219591021e+03
1.207328474487615892e+02 1.600325310761742230e+03
2.209997394512117239e+02 1.601180378184899382e+03
2.205944950103686892e+02 1.501079322902055992e+03
2.203317729080440301e+02 1.601544126338385468e+03
1.186998141113877381e+02 1.602952956170970083e+03
1.190259860148446904e+02 1.603960142166481091e+03
1.192097629986221818e+02 1.603555093330661521e+03
2.226465328816694580e+02 1.599436848838973901e+03
2.195937884964354510e+02 1.601572176446718686e+03
1.200475338440793394e+02 1.602949423194657129e+03
1.222461471093143786e+02 1.500142432724994933e+03
1.181900194963983353e+02 1.598667490442649068e+03
2.205808044816762958e+02 1.605096958396371292e+03
2.220240924083642824e+02 1.504284030772371807e+03
2.210387505620151387e+02 -1.898648212439951966e+00
2.194582532502926142e+02 -1.636021710967048515e+00
2.230173320657654585e+02 1.013899838755398406e+02
2.213926242983086468e+02 9.872339867865439089e+01
2.220951140661780130e+02 9.680349570695869943e+01
2.205728387597521305e+02 1.021428108620583401e+02
1.155288904007892654e+02 1.025955083382581279e+02
2.217310945989867150e+02 1.015930617172436570e+02
2.211149139489012327e+02 9.771087967804211871e+01
1.200610941125672184e+02 9.948363639202790409e+01
1.215188438842531582e+02 1.020369703201142215e+02
2.217604580150566846e+02 1.210419238976561473e+02
1.232184360175537847e+02 1.183513170591486272e+02
1.197464264247155370e+02 2.195682761297613297e+02
1.206558672183836052e+02 2.215792560603580910e+02
2.207971060636049572e+02 2.207998076256084801e+02
2.175572810036663327e+02 2.189158384377401774e+02
2.169931794807687879e+02 2.196103655737983615e+02
1.214593310353802309e+02 2.213897083166552306e+02
1.193091754475092046e+02 2.206832764648400484e+02
1.195100751614908603e+02 2.203179343184973504e+02
2.189603383487224733e+02 2.210792063408698596e+02
2.199634943705248986e+02 2.205298802117468426e+02
2.229629455221604530e+02 2.206171132621154811e+02
2.174026415429880785e+02 2.204461627463851983e+02
1.204855708795812745e+02 2.188818281362454456e+02
1.193418064281764259e+02 1.168865723112754722e+02
1.200783488862220594e+02 1.197595012900306841e+02
2.208701134249006088e+02 1.204662147074115097e+02
2.218094491036687259e+02 1.207495421334883900e+02
1.006961504846635478e+02 2.185148083779448598e+02
9.896761475644696304e+01 2.188375617748879165e+02
9.795057454668936714e+01 1.209799946938178437e+02
-1.005831845854255224e+00 1.207308875657492138e+02
-1.535730168162455112e+00 1.210019994736852738e+02
3.433878427016658463e+00 1.203398835758320331e+02
1.018935405347126135e+02 1.205210824122892603e+02
1.034605488453837552e+02 1.015663256383983679e+02
1.009874064565189258e+02 1.017557341486678979e+02
1.010071390134409768e+02 1.007590339599127418e+02
-1.471682624787072013e+00 -1.022222264288245919e+00
9.011741313166864442e-01 -2.499789762710948882e+00
1.314118859994562794e+00 1.028537201050746974e+00
1.813690126629748267e+00 -8.658839009500367556e-01
4.085931652795732338e-01 9.909403680047479668e+01
-6.371812150715718825e-01 1.008315022302426485e+02
6.050878843799898377e-01 -1.653121577340991299e-01
-1.433822294584491397e+00 -5.351520414067263420e-01
-4.502942210092975905e+00 -2.083504908721250715e+00
-5.069415912184436213e-01 1.004491430573392847e+02
2.206068672030584139e+02 9.792036229148448001e+01
2.199446568841997021e+02 9.895110043860478299e+01
2.177783208015736705e+02 1.011388093857701875e+02
2.224055325557513925e+02 1.020977602493034482e+02
2.189570801541786977e+02 9.987148905567985935e+01
2.185979814439977247e+02 9.953242543164959955e+01
2.171457487113321463e+02 1.022858073760251614e+02
2.184287872981877285e+02 2.211275726776513864e+02
2.189110808434599562e+02 1.219769873706841707e+02
2.199895519328335070e+02 1.213986292800365021e+02
1.205728459369315289e+02 1.215821578939822984e+02
1.185678034202569080e+02 2.203698359575153631e+02
1.193595038879416990e+02 2.195689390220505572e+02
1.191655011646174671e+02 2.186758947104193567e+02
-7.471420693571568794e-01 1.216178673352796409e+02
1.504535744337576034e+03 1.211924645800639126e+02
1.497820253475827258e+03 1.162573959301592623e+02
1.496418537667980900e+03 1.219309967721636099e+02
1.503345216196239107e+03 1.225580239793089277e+02
1.504574315545247373e+03 2.234558777982002766e+02
1.724373925427964195e+03 2.206727074077759312e+02
1.595069776988020521e+03 2.180084402903864316e+02
1.500669178212146107e+03 1.188679101223664105e+02
1.598031265480924276e+03 2.224909803375470574e+02
1.503708403586006398e+03 2.181084340822666547e+02
1.497803323212510804e+03 2.164559008515234950e+02
1.504080092630949594e+03 2.204603730228600682e+02
1.496461824783797510e+03 2.199355417701992792e+02
1.501606621805496616e+03 2.199969813494604978e+02
1.497608746217891166e+03 2.199946358926426342e+02
1.604108961056124144e+03 1.225414776451362968e+02
1.595271192118810859e+03 1.225883952332199556e+02
1.599742347850032047e+03 1.202968441044312158e+02
1.602261693036599354e+03 1.220502139096707310e+02
1.597075655837206114e+03 1.209635173386136131e+02
1.597547982749476205e+03 1.202422594501650082e+02
1.597502146631033838e+03 1.194023815214795263e+02
1.605974358450350792e+03 1.207810391981328308e+02
1.597858534364080697e+03 1.620664368691088384e+03
9.988411806243608737e+01 1.722548940948318887e+03
1.002666560372123570e+02 1.718699569760179884e+03
1.010324501720346717e+02 1.718226953152998249e+03
9.749750634872523847e+01 1.622874051830971439e+03
1.008613909172281637e+02 1.616542810332389081e+03
9.988912836547099516e+01 1.617909461740864572e+03
1.597862000389065770e+03 1.504807524312896703e+03
1.501875672549699175e+03 1.498491630011209281e+03
1.497880743396699472e+03 1.495020065317334684e+03
1.495410425949174623e+03 1.504887110625522155e+03
1.603027351130701163e+03 1.494318326137720533e+03
1.606032439543942928e+03 1.602077675645979298e+03
9.954148453421963438e+01 1.501349238056021704e+03
1.039635670511177352e+02 1.618140705435553627e+03
2.091868849145392950e+00 1.620770657409025944e+03
1.028113539737338211e+00 1.618910283126983586e+03
1.830818905850194689e+00 1.600780339925488306e+03
9.977014229635945242e+01 1.714051451024635753e+03
9.851269548396987830e+01 1.620569594466888930e+03
9.679255916302915352e+01 1.612794535132560895e+03
-2.752934755628817065e+00 1.619901487740361517e+03
1.185246636921908561e+02 1.724431929195577823e+03
1.193568004459040566e+02 1.715497159096563792e+03
1.206166104883641594e+02 1.717735246062934038e+03
1.186949280632810684e+02 1.718713982482584925e+03
1.242324703627317604e+02 1.713684918158236769e+03
1.198991089307441058e+02 1.720919592545971454e+03
1.201239990561868467e+02 1.717067385673246918e+03
2.209597788434115273e+02 1.717139594640903852e+03
1.207293127045140864e+02 1.726248024925840582e+03
1.223683434920706361e+02 1.720251799465487011e+03
2.211303936258265708e+02 1.714660958495517207e+03
1.203479457464063813e+02 1.719603220222496248e+03
1.185722950491324639e+02 1.715020113749530765e+03
1.201819971080554552e+02 1.718203903070133947e+03
1.219289305880090950e+02 1.718469789880590952e+03
1.205654636547780285e+02 1.723515241836454607e+03
1.198396291066357691e+02 1.722624822633907570e+03
1.180504293560728257e+02 1.718617209793763095e+03
1.197160318975991231e+02 1.499109280666094492e+03
1.189855835827657273e+02 1.497754312905254892e+03
1.194677064141430094e+02 1.496811277594151534e+03
1.193763225196753410e+02 1.504691377759354054e+03
2.165221528701853799e+02 1.498376642272801973e+03
2.182060052124247136e+02 1.504252979814918490e+03
2.176107507985252596e+02 1.494734588827139760e+03
2.210877469738179002e+02 1.499779591047758231e+03
2.197147382611614432e+02 1.603909674115428516e+03
1.188444264788867173e+02 1.502249766718873843e+03
1.209497904054639719e+02 1.500647425866716276e+03
1.192834673003755626e+02 1.499597057473757559e+03
1.198485568375545256e+02 1.497757233589242787e+03
1.223798200453659177e+02 1.501354204235939278e+03
1.217298307678993581e+02 1.496807567009957893e+03
1.211623161226900862e+02 1.495108506654018584e+03
1.202274603257898349e+02 1.494412751045942741e+03
2.210079919174384031e+02 1.603387968934265245e+03
1.712897064731049113e+03 1.600987440692366590e+03
1.715592140766385000e+03 1.599804081113832353e+03
2.215018388598225556e+02 1.592520085508940156e+03
2.217092408338355085e+02 1.601593192045862679e+03
2.169989261760169938e+02 1.597169786333864067e+03
2.176624531841919747e+02 1.497292119078254245e+03
2.185844815779134933e+02 1.497206728052565495e+03
2.233432177492327924e+02 1.504867111082893416e+03
2.210001634358251579e+02 1.498918975088448178e+03
1.177008588117166994e+02 1.494748552374502424e+03
2.191147912275687020e+02 1.502163025051757359e+03
1.201256576741916433e+02 1.498959600888095792e+03
1.001730758491350315e+02 1.497024312000825148e+03
1.010203846258884255e+02 9.952586062095957686e+01
9.779807809185210488e+01 -9.075430392614280972e-01
9.995757345029289809e+01 -2.812539047844948570e-01
9.942123800893882901e+01 1.868594683585292071e-01
9.910012343014039971e+01 9.831633580593235422e+01
9.946124543920316796e+01 1.007052137029672707e+02
1.021483287705468683e+02 9.749956341398448956e+01
1.373676163576188269e+00 1.018434061214919808e+02
1.036948328483750998e+02 2.205331873028704308e+02
2.866362160817383931e+00 1.248821485937660185e+02
2.746617031165540235e-01 1.218503575400646497e+02
-3.962252829913109897e-01 2.163207534458045984e+02
2.540760300945508199e-01 2.235316875408221051e+02
2.169068309474807776e+00 1.188589733500522669e+02
1.652633574425799168e+00 1.205626398621263604e+02
1.194066159719677778e+00 2.201368011682972110e+02
3.236075806531795163e-01 2.191393209602672414e+02
1.497529166573374141e+03 2.221193217575184349e+02
1.500378225803572377e+03 2.195420646509037965e+02
1.503273285781296408e+03 2.197372631036389521e+02
1.613832116593066985e+03 2.174914318495763723e+02
1.622682671660479173e+03 1.716180965103426615e+03
1.615033335642291831e+03 1.723756166117068688e+03
1.620745170393923672e+03 2.182249457887633071e+02
1.615468363758924625e+03 1.722831290249113636e+03
1.619487138170077742e+03 1.723702801371895248e+03
1.623502714541544492e+03 1.716244426063103674e+03
1.617761256503382356e+03 1.716619625323093260e+03
1.623918685525218962e+03 1.723668940551290007e+03
1.609461633547324027e+03 1.721962752473207274e+03
1.618604610778934557e+03 1.723029416327453418e+03
1.615514942590596775e+03 1.715424711719971810e+03
1.618164627168842117e+03 1.727885273021452576e+03
1.616835757614192971e+03 1.722753260149260768e+03
1.623286894458757615e+03 1.598779053009968720e+03
1.614313117462175569e+03 1.595519970915162276e+03
1.620243784445886604e+03 1.502489198297860412e+03
1.617850190255998996e+03 1.603389218909599322e+03
1.723304831767259884e+03 1.496010530999490584e+03
1.618035440587116454e+03 1.498834428194232487e+03
1.623399379295197832e+03 1.497063600059459532e+03
1.613952392994990532e+03 1.499456240135629514e+03
1.625461947192392017e+03 1.621746907402608940e+03
1.720274371196988113e+03 1.618332148992136581e+03
1.722964565142807260e+03 1.620221302804486868e+03
1.716054918834586942e+03 1.622078304900733428e+03
1.618890331647890207e+03 1.617668964193746433e+03
1.717896863949724320e+03 1.622836825472009423e+03
1.723048003283543949e+03 1.624569887491537656e+03
1.720968125817571718e+03 1.725673776295072912e+03
1.721129558167932828e+03 1.718656948485976500e+03
2.203573884902242241e+02 1.713094117361542885e+03
2.196866454171693306e+02 2.182682998617643193e+02
1.716948775219915888e+03 1.719463688973088210e+03
1.721720520844772864e+03 1.722420989159217243e+03
1.621277449190941752e+03 1.723154748376268799e+03
2.211599325701644148e+02 1.718862630304276991e+03
2.198804890676020136e+02 1.717165638424424742e+03
2.209053006663201586e+02 1.727847520582392690e+03
1.154885896607324725e+02 1.720699293409969869e+03
1.202395991414414880e+02 1.720389168791376278e+03
1.177384919696305161e+02 2.204257539138414472e+02
1.213551360843371469e+02 1.169044066586183419e+02
1.231072609775319364e+02 1.209502941960491427e+02
1.206760496924871831e+02 1.213430713940424965e+02
1.214018330966308810e+02 1.207923389353015011e+02
2.208880566243662429e+02 1.727642774453089260e+03
2.205340711817287342e+02 1.717738499244574996e+03
2.181565255188277206e+02 1.721074365573406794e+03
2.192965503530200522e+02 1.712474594524983559e+03
2.207087085126680961e+02 1.720493827548079480e+03
2.198315256486560259e+02 1.622555691431492960e+03
2.207707872523019716e+02 1.618201342751856600e+03
1.163701943935701877e+02 1.623503213810279021e+03
4.140775155096473314e-01 1.716629999631321652e+03
6.808450501198026750e-02 1.722366041805179293e+03
9.964100583540647449e+01 1.719297268467420963e+03
9.702883939030729721e+01 1.719170407517792000e+03
1.037164549746445061e+02 1.722013305483134900e+03
1.019242653889017873e+02 1.716645744407674556e+03
1.194731734653155542e+02 1.723382718343766328e+03
1.226476921304431045e+02 1.622613952574977930e+03
1.200122309532804508e+02 1.618953434382451860e+03
1.219729854646176648e+02 1.624994197836744661e+03
1.164781531283193488e+02 1.495801883723864648e+03
1.198839563554163874e+02 1.498567997293256894e+03
1.195128355721366233e+02 1.500577641566121656e+03
1.214177525936016906e+02 1.497573733147207577e+03
1.200778572110990297e+02 1.599193477852205206e+03
2.212729153387409724e+02 1.600125666968665882e+03
2.185728402037348133e+02 1.600055062006881144e+03
2.220529473493031389e+02 1.601359876448880186e+03
2.210188551038563674e+02 1.597366893154201307e+03
1.721748674992075394e+03 1.597881955309488831e+03
1.624873349937392049e+03 1.601101758232385919e+03
1.615604112340572783e+03 1.501207287930440316e+03
1.620619727516557532e+03 1.499120921618520697e+03
1.614441220090762272e+03 1.500054979948778282e+03
1.623436128207935553e+03 1.598445030861267924e+03
1.723526682730953098e+03 1.604954270109074741e+03
2.208823751390954158e+02 1.598602244807171701e+03
2.214529566748316824e+02 1.595396885508093192e+03
2.218328850576216951e+02 1.719324801027044259e+03
2.215390608455480219e+02 1.595610039355262643e+03
2.202604040520743922e+02 1.017032681450236993e+02
1.718509829771578779e+03 1.015802053516748771e+02
1.723301374711687913e+03 1.006751345193773091e+02
1.727988762917947952e+03 1.015997567097803653e+02
1.718903214064655913e+03 2.289764213763201717e+00
1.721162469646337286e+03 -8.856832162552663590e-01
1.724892032425937941e+03 -3.312183851423990966e+00
1.722331478349881309e+03 1.005948017518152398e+02
2.208887121317370656e+02 1.003279764395643952e+02
1.222804652322675594e+02 1.005972427561210907e+02
2.198239255518840878e+02 9.960913309074067001e+01
2.196842362614202386e+02 9.939526249474845088e+01
2.210974905230989975e+02 1.001823394953289466e+02
2.200364144279184870e+02 3.114037672741021279e+00
1.719981014096603758e+03 -1.892602635039632109e+00
1.717493612066337619e+03 4.740577972958316399e-01
1.713311169614762548e+03 -1.466774838101145395e+00
1.718613279367101995e+03 -8.516275663915909844e-01
1.617045573755348187e+03 9.558605899893779512e-02
1.620938471325652017e+03 -1.730988068632838273e-01
1.502969625216394661e+03 2.089831151653276375e+00
1.499420747695590762e+03 -2.246846155547860491e+00
1.503164769744288833e+03 -1.047570936712950429e-01
1.597845266690142125e+03 1.846166115296387522e+00
1.604847896430844685e+03 -1.363890375688848966e+00
1.602039079899673879e+03 6.033624055956821053e-01
1.719109814207734871e+03 1.271902380199948501e+00
1.616429898097419482e+03 9.961124458523946146e+01
1.620050175500833348e+03 2.217062967162491418e+02
1.616379421880476684e+03 2.192094962283455004e+02
1.186910886658718880e+02 2.214588758038127310e+02
1.187255285471245259e+02 2.231252322119624125e+02
1.217974881408521100e+02 2.192693639124786387e+02
1.174054243279059619e+02 2.217126313906951509e+02
1.196341325120057917e+02 1.214813039141803301e+02
1.176511936313899724e+02 1.203677526217757077e+02
1.619602260646359127e+03 1.196482390111523557e+02
2.171880616423933930e+02 1.191058450208844448e+02
1.170906537448193063e+02 1.194527588050870008e+02
1.214297706524883864e+02 1.197290643879944412e+02
1.216922698461568615e+02 2.225332951080116857e+02
1.195267038882746817e+02 2.191724892289749107e+02
1.214695023281738742e+02 2.178195975191580658e+02
2.208853462600520174e+02 2.210262914752923393e+02
2.171725645870165806e+02 2.163961450826415671e+02
2.207104508190345200e+02 2.197155420678106452e+02
1.719166882219129548e+03 2.184629382881617232e+02
1.717426171799499116e+03 2.194041636422014108e+02
1.721650004061542177e+03 2.248250768659608241e+02
1.720049714588234565e+03 1.715630089099600127e+03
1.722501328168131977e+03 1.714989397115226211e+03
1.719188938307808939e+03 2.182333830482494648e+02
1.721882179455488540e+03 1.206069190833638629e+02
1.617431542116502442e+03 2.197451842352492406e+02
1.624413298967247783e+03 2.174637616777921494e+02
1.618125884988011876e+03 2.199340074211407057e+02
1.621574951550109972e+03 2.191418299104448977e+02
1.618289376938953637e+03 2.203349850147951940e+02
1.717774876458485551e+03 2.222860729257792514e+02
1.723209039932078667e+03 2.185208520135192884e+02
1.721874455610477071e+03 2.195736140146912589e+02
1.621261379640204723e+03 2.202102314506025209e+02
1.722840619636003566e+03 2.182884142122892968e+02
1.718513409230934485e+03 2.198157582902107379e+02
1.598291510596738817e+03 2.183718011784480950e+02
1.606556988064871348e+03 2.200578825034153851e+02
1.606102767292366480e+03 2.199875082374904309e+02
1.500419139040967821e+03 2.183896518821235873e+02
1.493627317301073390e+03 1.621374491714715759e+03
1.502037266867843755e+03 1.624273437067066880e+03
6.303470929412368084e-01 1.620521689692105610e+03
9.860868687989830050e+01 1.243250523946323938e+02
9.873958500552792827e+01 1.186283976360330001e+02
1.598816831663024232e+03 -9.839342125539417561e-01
1.600630913556338101e+03 -3.798925550870954737e+00
1.498024291117482790e+03 1.190684246622138573e+02
1.503147530069488312e+03 1.185308893292229016e+02
1.504487926413809191e+03 2.227093854748866875e+02
1.704724756068331626e+00 2.197971653221046608e+02
-3.115688046966269553e-04 2.185385525060409009e+02
1.874060876677237530e+00 1.247791693584121191e+02
3.611965896846838664e+00 2.207095139085124629e+02
3.269564136398236620e+00 2.202849871985032451e+02
-1.559699029933457215e+00 1.718834083561883745e+03
2.222767233579902495e+02 1.717205817970308544e+03
2.206144399660857971e+02 2.195179243436060119e+02
2.189144999501777420e+02 1.204987835973406760e+02
2.212075679285198362e+02 1.169343450701076677e+02
2.189303184414503107e+02 2.234564358849427776e+02
2.182094591064259248e+02 2.214418520966466986e+02
2.223984728364137311e+02 2.218946974464700475e+02
2.188420122316357777e+02 2.182972893837365405e+02
2.229650248960150520e+02 2.165065012493823247e+02
1.192565662299206934e+02 2.193462598401391119e+02
-3.199746429166676620e-01 2.189340186468766944e+02
-1.580696402629569786e+00 2.194405494341707481e+02
-1.155092717653563250e+00 1.208594373571705347e+02
1.057034251104356004e+00 2.204613092895384341e+02
1.767198246590351296e-02 1.015059897679166596e+02
-2.616520670643441182e+00 1.035836094308369297e+02
-1.440513774623792598e+00 9.950846936310146873e+01
1.592021422944859710e+00 1.598744450301701136e+03
-4.338284191757606933e+00 1.623247507150428191e+03
-1.456383981430886987e+00 1.625842090633287171e+03
-1.251822290876725141e-01 1.623671375617120930e+03
-2.704218483481352298e+00 1.617806797919123710e+03
1.525767607244018054e+00 1.724866423487424981e+03
-1.672057973923123164e+00 2.197949199162039235e+02
1.017198944525270008e+02 2.171280538828235365e+02
1.212482524699535702e+02 2.220452683069856619e+02
1.205208773271283462e+02 1.182705362603905854e+02
1.186725508312713089e+02 2.179227089762670744e+02
1.173495894149063048e+02 2.185500709381945512e+02
1.183157764217220489e+02 2.197629469075958752e+02
1.225458591526002579e+02 1.620989541979057776e+03
1.211424398609605646e+02 1.614115483340669471e+03
1.205606908747317050e+02 1.616430000206133855e+03
1.214522340127686562e+02 1.621907479660186709e+03
1.193898579123872992e+02 1.722337573726594655e+03
2.190159435917714745e+02 2.189275140968218238e+02
1.000202410181290844e+02 2.210701073998377808e+02
9.577770665517692805e+01 2.215614490189223034e+02
1.007236094860725899e+02 2.216401983042336497e+02
1.245571187934250812e+00 2.201209543444636552e+02
4.181824076001984247e-01 2.210581543584326027e+02
8.993798812198783299e-01 2.177257498722133278e+02
-9.863737354915131927e-01 2.212306297781793205e+02
-1.042725588401557602e+00 2.239038788335681716e+02
1.214338941820548996e+02 2.166494638658505210e+02
1.187891903684833181e+02 1.207584654463804270e+02
1.199160915706803223e+02 2.212578329702036513e+02
2.194177444407262101e+02 2.181781767083600698e+02
1.177073275641369179e+02 2.234664563856698010e+02
1.222914496241785827e+02 1.210445772347312641e+02
1.216916202668301281e+02 1.226477748269440298e+02
1.201143506980494777e+02 2.199496535129218842e+02
1.197514207100819874e+02 2.214996654398274245e+02
2.205574098966212944e+02 1.177206104746674953e+02
2.180911308819439967e+02 2.212305426876823162e+02
2.219869735148660084e+02 1.190908140983599139e+02
1.000679776516547861e+02 1.191956938824910708e+02
1.007111570108893090e+02 1.177733107588648096e+02
-3.518819237327726057e+00 -9.130011638770363369e-03
8.859493718691444641e-01 1.174022147107050102e+02
4.004387310070541162e+00 1.195027657310271962e+02
4.168170162861402073e-01 2.214756722158468278e+02
-1.690209721577616397e+00 2.225203863044463617e+02
-2.096625612967507379e+00 1.218892309450979212e+02
-1.513939951290490971e+00 1.205326568916550229e+02
1.450695567296294008e+00 1.202752459412415220e+02
1.001315532362445424e+02 1.231915170978270027e+02
9.978142701699317740e+01 1.206330037117861025e+02
9.874422165221912451e+01 9.716700256757975751e+01
9.865501231664001125e+01 1.126188656911396802e+00
1.003938705927217399e+02 -1.455164034610223256e+00
1.013053133217515693e+02 9.891496307045163405e+01
1.011783366606653090e+02 1.002824945932179048e+02
1.014566314425324975e+02 1.009567621985935943e+02
1.025218397152606684e+02 1.013328671541831625e+02
2.214101678496504633e+02 1.496904935067007727e+03
2.188790738226067276e+02 1.502768345838973573e+03
1.005518799497560138e+02 1.602305484113053808e+03
1.040903727323209864e+02 1.600280704548303902e+03
-7.666935879893480577e-01 1.596580611789773911e+03
-4.026251030117707685e+00 1.596065530092891322e+03
9.949961324007570340e+01 9.867776296449500251e+01
1.005915202629644511e+02 9.845456746175518958e+01
1.034671692722860712e+02 1.030279776538169898e+02
9.964435153091129393e+01 9.897157596149185110e+01
9.240049378912071898e-01 1.005627254978160039e+02
7.403151756664200223e-01 9.775919343200905587e+01
-8.855856911796708975e-01 8.041824000917232595e-01
-8.351722208606930931e-01 9.937825478017649061e+01
-2.303187214477750544e+00 1.025354355732461613e+02
6.359588067745834961e-01 9.894759906467200494e+01
-1.550158277607797119e+00 9.925270271630573404e+01
1.002834227774153248e+02 1.012647624005413007e+02
1.013614405756864585e+02 1.004611438829160335e+02
1.001610922429007644e+02 1.009968694202943027e+02
9.944175275878545506e+01 9.743862781827337471e+01
-1.910183554472498546e+00 1.002365841784378944e+02
2.119486864495886691e-01 1.008509194366859134e+02
-1.000602121667528044e+00 4.845318860204373967e-01
9.863587771791978298e+01 -3.043755520633895983e+00
9.979192973256935772e+01 -4.930276700707266202e-01
1.001639965071813378e+02 -2.125876530400045539e+00
-2.855638380943363863e+00 -6.701709684025030089e-01
2.106506031768436760e+00 1.015563089337243525e+02
2.192646088991843101e+00 2.918486592361432930e+00
-2.323071573650332122e-01 1.280913247032570146e-01
8.562959686700103434e-01 4.021689777780864006e+00
4.450543351572011641e-01 9.782776899300858986e+01
3.890174263290890888e-01 9.781262746011539377e+01
1.496213453928085755e+03 9.821416437698924540e+01
1.498443527442517961e+03 9.615394918896957677e+01
1.500096523229012973e+03 9.935477675192882430e+01
1.497108202092498459e+03 1.021603620136454822e+02
1.599552615257185835e+03 9.778504091808623855e+01
1.601669142186662839e+03 1.185603737333728036e+00
1.597798829128339548e+03 7.512693762862057700e-02
1.500767860164933381e+03 1.504978300953641337e+03
-2.195710900635698071e+00 1.593192881246409797e+03
-4.953388039382757291e-01 1.495794961701386228e+03
-1.893965465918128199e+00 1.497118881067031452e+03
1.308658965702929722e+00 1.496668248997758383e+03
6.787180990296313998e-02 7.979174366632721949e-01
7.238759124483140628e-01 9.503633060500520369e-01
9.913343506452181941e+01 9.950062467001096422e+01
1.003546730306975832e+02 1.016549798904531201e+02
1.209109955450394791e-01 9.787943953959873511e+01
-7.509775997271326275e-01 -1.959115484053671308e+00
-6.556624199328220381e-01 9.958824358836393742e+01
9.941862446584568147e+01 9.720171245526763926e+01
1.008581546506431295e+02 1.006408624110119661e+02
9.976411774923151654e+01 9.887756213323925181e+01
1.012945656308093447e+02 -3.619209542989980655e+00
1.011390540890659793e+02 -1.819980597081453100e+00
1.021091772071134471e+02 -1.290748706677281810e+00
1.000283551915640174e+02 -1.089378551654134331e+00
1.023842154755481886e+02 1.021527233222603144e+02
9.987845490548851046e+01 9.962618541588072674e+01
1.030229896385180126e+02 1.006854347282742310e+02
1.020621431222479600e+02 9.870099449887769083e+01
1.042232751973754290e+02 9.981479132394952103e+01
9.978124494920459142e+01 -1.264022351936491706e+00
9.925891418584623693e+01 9.765505516139839415e+01
9.932564591439366097e+01 1.006603582350475676e+02
9.872804527555861398e+01 2.669970292040022564e-01
1.016436444253773459e+02 -9.834981564247335939e-01
1.187910332928441051e+02 -7.381469879731454853e-01
2.175325771204516343e+02 -3.701686309324833779e+00
1.216096510996462570e+02 -1.931628309504910046e+00
1.218346306734653410e+02 1.191411134798364202e+02
1.209669857063915970e+02 2.556799325278407586e+00
1.188541458979404695e+02 9.768881157616011990e+01
1.208858813534107384e+02 2.239810438857923600e+02
1.009238344995096242e+02 9.851261785926111259e+01
1.037401936882562694e+02 2.336949825770720857e+00
1.014086443734057497e+02 -1.163448162666932850e+00
-1.073102847390433157e+00 6.650408276358713566e-01
1.140944570148416659e-02 1.185659857686299858e+02
2.211620583417006856e+02 1.204244087463455060e+02
2.195939650600374193e+02 2.210301682256336449e+02
2.222804686296888121e+02 9.777891753512524531e+01
2.191086674223188879e+02 9.952209444483489165e+01
2.201826000749592254e+02 9.786520367119109665e+01
1.722352706754803194e+03 1.004379282147398840e+02
1.717786914111072292e+03 1.028255023382778521e+00
1.715846793877623668e+03 3.579096532354101301e-01
1.717784077063384984e+03 -2.769133486957023882e-01
1.619918559343054767e+03 1.011661597332614519e+02
1.714712496060273224e+03 9.892051010380794196e+01
1.623928999952196364e+03 1.003009773109162381e+02
1.714742845369461065e+03 9.912285959340749741e+01
1.622130578745329558e+03 9.649434628001256442e+01
1.623746264159207840e+03 9.798771504184293235e+01
1.622207300901743110e+03 9.830537706290996880e+01
1.624768170638715674e+03 9.892883663359560842e+01
1.169090135253266425e+02 1.603065891905677745e+03
1.193364683754487459e+02 1.499042834720891278e+03
1.163388324151608799e+02 1.505006150786733770e+03
1.216322821581991604e+02 1.492408750660579472e+03
1.179801063536716725e+02 1.506710769951966086e+03
1.186921522314132744e+02 1.498623566913210198e+03
1.193668121924936258e+02 1.502068035414786891e+03
1.219681048116754027e+02 1.498208558425368210e+03
1.201660132473059974e+02 1.499135166266734132e+03
2.199743865164780914e+02 2.335599418500078350e-02
2.212367758733657581e+02 1.160945981966336582e+00
2.199397908307396392e+02 9.988593892184954370e+01
2.170157958876057478e+02 1.014292657721670423e+02
1.018858171191961617e+02 1.007328210400461046e+02
9.967684346085880520e+01 2.908517895403787135e-01
9.864577693385801638e+01 8.669000168147882324e-01
1.011122502833586339e+02 3.792895280458670193e-01
9.787904716960424878e+01 1.844234226594750226e+00
-1.121992544187154772e+00 7.125691858232141573e-01
3.697092346422858888e-02 1.002053315833024243e+02
1.093690864199501345e+00 1.001926530116720784e+02
9.883241865739573484e+01 1.010540425170958088e+02
1.030372881419354769e+02 9.903986929080210189e+01
9.946688007055664116e+01 -1.213212522822165518e+00
1.602252045033931154e+03 -1.602253220295398517e+00
1.606035793181891449e+03 1.182031150263633492e+02
1.599988421563847396e+03 2.192156302099270704e+02
1.603244456267057103e+03 2.216911302049322501e+02
1.600629879198167373e+03 2.192980151712916381e+02
1.603187778653113128e+03 2.183707729839354101e+02
1.602426860547075876e+03 1.182718476268850338e+02
1.501041907690806056e+03 2.202547781814844257e+02
1.494280931281321500e+03 2.191572867346000635e+02
1.500139088644742287e+03 1.175937215139218495e+02
1.597071135460998676e+03 1.213225965567767304e+02
1.723377686698721618e+03 1.207524734423306114e+02
1.723307880509527877e+03 2.181304331930919602e+02
1.602911940085066817e+03 2.252118634918554108e+02
1.602720821876175705e+03 2.167303786361832749e+02
1.508697667822924132e+03 2.186817624470837700e+02
1.599692815200824498e+03 2.200474628437797833e+02
1.502087878104293850e+03 1.718424346998302099e+03
1.498843656540909933e+03 1.719007917520510546e+03
1.504087003076537940e+03 1.724143187541766110e+03
1.842036358211230684e+00 1.718092640236906163e+03
9.874085233881805834e+01 1.722542420814363823e+03
1.606019100962676703e+03 1.623676389638012097e+03
1.606880432055922029e+03 1.617580042567051350e+03
1.597752890403936135e+03 1.170169507110481391e+02
1.008348649598838307e+02 2.191906968243216909e+02
1.005269297227844874e+02 2.211352113224885443e+02
9.992588030882355099e+01 2.197549032381507175e+02
1.010012560574318456e+02 1.208021524274176670e+02
9.945458504300020763e+01 1.212252302869560623e+02
9.929938078411223046e+01 1.209278226414658093e+02
9.794447662350476946e+01 1.715048496885420036e+03
2.207156443860953345e+02 1.715931162572321682e+03
2.190668365055651918e+02 1.719079943641711679e+03
2.200526248864575791e+02 1.713998435178898944e+03
2.203541013756853886e+02 1.712094787037684910e+03
1.200844247804031397e+02 1.618044745743395879e+03
1.176291159340495511e+02 1.618675312868033643e+03
1.218111167349888859e+02 1.612219368342669895e+03
1.197085495521737215e+02 1.617330598601963629e+03
2.157734983542565033e+02 1.619634766140087095e+03
2.185110183873447340e+02 1.622902178783256886e+03
2.185342288445526435e+02 1.621876006231430893e+03
2.197058294598172665e+02 1.717718166015215274e+03
2.200533747077244584e+02 1.722676514118544446e+03
2.212643341952543210e+02 1.619603533017363361e+03
1.622904546127524327e+03 1.628417791707174956e+03
1.621160829897889016e+03 1.212321357777109796e+02
1.712720473570412878e+03 1.207026640246830453e+02
1.208227037274805298e+02 1.221236537935646425e+02
1.194763176583803244e+02 1.173275988498335067e+02
8.137563909750910041e-01 1.192237233598805091e+02
2.853672521374774895e-01 1.186953883181560343e+02
3.955073050238833154e-01 1.209040854153109166e+02
-1.539237647794344577e+00 1.199661365523496670e+02
1.004610216040402406e+02 1.165639218561878039e+02
2.187109109762230332e+02 1.211809964132633439e+02
2.192690684033979664e+02 1.187616179403496233e+02
1.150491217311256804e+02 2.189924923774061654e+02
2.197572853967153321e+02 2.206552443279208546e+02
2.194278011926199952e+02 2.172620130387960558e+02
1.178102453388956263e+02 2.185322900265555290e+02
1.199137159882704822e+02 2.207907022479780323e+02
1.184000383883203398e+02 2.174972593468646380e+02
2.198767276083422644e+02 2.178441189240679705e+02
2.231272825216903470e+02 2.200828493497818386e+02
2.190894853271340139e+02 2.196950181609499282e+02
2.223997802972570526e+02 1.204504274250350448e+02
2.182465958688987371e+02 1.176078396767845788e+02
1.215829279886707326e+02 2.194059716993585596e+02
2.190740223676057781e+02 1.031060267853523698e+02
1.199484652902820301e+02 9.972723861161097147e+01
1.178269469724493490e+02 1.022213047749792736e+02
1.190286699028848432e+02 9.584873242294546003e+01
2.195659764810181684e+02 1.017006418529875447e+02
1.226227502849679922e+02 9.849297671146759114e+01
1.621446797046613938e+03 1.017902992884067146e+02
1.621810154213422038e+03 9.654408879011813838e+01
1.613589862833619918e+03 9.860254380306669475e+01
1.611147283959499191e+03 1.010218390925449938e+02
1.719053951004526880e+03 1.002641512842684932e+02
1.721996891084714434e+03 1.003067910990771736e+02
1.720087133968297167e+03 1.010846111888204746e+02
1.614477520155799994e+03 1.002950231389592375e+02
1.620361092570004075e+03 1.692611568001494149e-01
1.622516672746376571e+03 -2.983343323545279979e+00
1.623023719882948626e+03 9.945539870941475158e+01
1.621366575064263088e+03 9.927925102233226085e+01
1.619970926571757218e+03 9.824970074480229698e+01
1.620779717962464474e+03 1.012216837254574955e+02
1.615748533578085926e+03 1.003626335263852525e+02
1.719152813956118052e+03 9.954572711274963126e+01
1.722564897003240276e+03 2.066959869147995121e+00
1.720876564895151887e+03 1.343717532716813379e+00
1.718265097608821634e+03 1.761631254796157009e+00
1.712563746536362487e+03 -2.260148182937737005e+00
1.600183931200970392e+03 3.957576263469814837e+00
1.004058109647764070e+02 1.465515123107204776e+00
-3.538446587148272204e+00 -1.517074808623899651e+00
-2.084497923685707299e+00 9.807406063880361557e+01
-1.657970339687464323e+00 9.993041977813793153e+01
3.565052550297070355e-01 9.801341270952347884e+01
-1.043732228232649550e+00 -3.050562617500061080e-01
7.625861761679961215e-02 -3.154066062985168895e+00
4.954054131571538733e+00 1.265014321892363292e+00
1.892360031045563717e+00 2.899414067340234102e-01
8.987598410648927061e-01 2.623763736937251956e+00
1.087813936322710617e+00 1.010962958423271942e+02
-1.820520458016502419e-01 3.412187884552162487e+00
-2.277503136024741082e+00 -1.189806182437592730e-01
-1.394342297127114660e+00 1.968434533949372955e+00
1.496855573200875824e+03 -5.596439355925708625e-02
1.499095566757194092e+03 -1.282579278780482168e+00
1.715716151755189685e+03 1.015546730575161547e+02
1.718644732749367449e+03 1.023395128385972725e+02
1.721471146120000185e+03 9.634162277941992159e+01
